2.52
2.19
1.89
2.05
2.03
1.97
1.88
1.7
1.77
1.77
2.19
1.93
1.6
1.6
1.6
1.54
1.45
1.49
1.43
1.419
1.54
1.5
1.56
1.46
1.48
1.38
1.51
1.44
1.5
2.12
2.35
2.39
2.5
2.72
2.53
2.405
2.39
2.01
2.12
2.05
2
2.01
1.93
1.77
1.93
1.85
1.85
1.9
1.86
1.93
2.22
2.24
2.15
2.48
2.45
2.7
2.657
2.475
2.529
2.37
2.39
2.583
2.53
2.469
2.452
2.32
2
1.92
1.87
1.85
1.87
1.86
1.84
1.94
1.95
1.81
1.75
1.73
1.57
1.52
1.47
1.55
1.58
1.55
1.53
1.49
1.47
1.58
1.6
1.52
1.6
1.61
1.6
1.57
1.68
1.59
1.553
1.52
1.48
1.46
1.45
1.42
1.477
1.46
1.5
1.49
1.46
1.51
1.52
1.68
1.81
1.73
1.65
1.64
1.73
1.7
1.65
1.57
1.659
1.75
1.78
1.685
1.51
1.8
1.46
2.06
1.84
1.86
1.67
1.576
1.29
0.917
0.84
0.83
0.842
0.775
0.73
0.743
0.735
0.711
0.68
0.65
0.616
0.6
0.57
0.606
0.59
0.65
0.648
0.578
0.501
0.425
0.43
0.414
0.47
0.38
0.35
0.323
0.292
0.332
0.351
0.34
0.324
0.325
0.346
0.427
0.449
0.401
0.449
0.364
0.359
0.38
0.359
0.38
0.38
0.412
0.465
0.45
0.459
0.468
0.49
0.469
0.441
0.479
0.518
0.51
0.515
0.543
0.545
0.578
0.63
0.634
0.68
0.713
0.68
0.719
0.724
0.74
0.736
0.69
0.695
0.7
0.676
0.697
0.68
0.664
0.833
0.717
0.69
0.7
0.736
0.72
0.73
0.75
0.8
0.86
0.836
0.78
0.759
0.805
0.789
0.78
0.755
0.773
2.01
1.42
2.1
2.28
2.04
1.89
1.9
1.77
1.67
1.82
1.92
1.81
1.785
1.81
2.01
1.96
1.9
2.27
2.2
2.32
2.17
2.12
2.34
2.28
2.16
2.07
2.15
2.13
2.06
2.13
3.26
2.53
2.5
2.42
2.5
2.31
2.18
2.33
2.43
2.52
2.44
2.21
2.11
2.01
1.78
1.8
1.65
1.52
1.6
1.77
1.64
1.755
1.62
1.51
1.5
1.55
1.64
1.72
1.89
1.76
1.8
1.95
2.02
2.04
1.97
1.81
1.81
1.75
1.79
1.74
1.92
2.03
2.13
2.01
1.93
1.98
1.98
1.96
1.94
1.9
1.87
1.95
1.89
1.9
1.87
1.83
1.88
1.83
1.82
1.78
1.65
1.72
1.65
1.59
1.66
1.69
1.81
1.75
1.62
1.66
1.68
1.68
1.76
1.64
1.62
1.59
1.58
1.85
1.94
1.82
1.87
1.9
1.9
2.17
1.94
1.92
2.04
1.92
1.92
1.92
1.91
1.86
1.84
1.74
1.74
1.74
1.72
1.77
1.77
1.72
1.72
1.62
1.6
1.66
1.57
1.6
1.66
1.63
1.64
1.7
1.77
1.85
1.92
1.86
1.76
2
1.96
2.02
1.93
1.95
2.02
1.88
1.8
1.8
1.85
1.81
1.9
2.63
2.14
2.35
3.04
3.1
2.95
2.95
2.98
2.79
2.44
2.81
2.43
2.12
2.28
2.42
2.05
2.05
1.93
1.86
1.68
1.88
1.81
2.87
2.27
2.22
2.24
2.17
2.02
2.09
1.97
2.08
1.96
1.86
1.79
1.86