1.46
1.51
1.52
1.68
1.81
1.73
1.65
1.64
1.73
1.7
1.65
1.57
1.659
1.75
1.78
1.685
1.51
1.8
1.46
2.06
1.84
1.86
1.67
1.576
1.29
0.917
0.84
0.83
0.842
0.775
0.73
0.743
0.735
0.711
0.68
0.65
0.616
0.6
0.57
0.606
0.59
0.65
0.648
0.578
0.501
0.425
0.43
0.414
0.47
0.38
0.35
0.323
0.292
0.332
0.351
0.34
0.324
0.325
0.346
0.427
0.449
0.401
0.449
0.364
0.359
0.38
0.359
0.38
0.38
0.412
0.465
0.45
0.459
0.468
0.49
0.469
0.441
0.479
0.518
0.51
0.515
0.543
0.545
0.578
0.63
0.634
0.68
0.713
0.68
0.719
0.724
0.74
0.736
0.69
0.695
0.7
0.676
0.697
0.68
0.664
0.833
0.717
0.69
0.7
0.736
0.72
0.73
0.75
0.8
0.86
0.836
0.78
0.759
0.805
0.789
0.78
0.755
0.773
2.01
1.42
2.1
2.28
2.04
1.89
1.9
1.77
1.67
1.82
1.92
1.81
1.785
1.81
2.01
1.96
1.9
2.27
2.2
2.32
2.17
2.12
2.34
2.28
2.16
2.07
2.15
2.13
2.06
2.13
3.26
2.53
2.5
2.42
2.5
2.31
2.18
2.33
2.43
2.52
2.44
2.21
2.11
2.01
1.78
1.8
1.65
1.52
1.6
1.77
1.64
1.755
1.62
1.51
1.5
1.55
1.64
1.72
1.89
1.76
1.8
1.95
2.02
2.04
1.97
1.81
1.81
1.75
1.79
1.74
1.92
2.03
2.13
2.01
1.93
1.98
1.98
1.96
1.94
1.9
1.87
1.95
1.89
1.9
1.87
1.83
1.88
1.83
1.82
1.78
1.65
1.72
1.65
1.59
1.66
1.69
1.81
1.75
1.62
1.66
1.68
1.68
1.76
1.64
1.62
1.59
1.58
1.85
1.94
1.82
1.87
1.9
1.9
2.17
1.94
1.92
2.04
1.92
1.92
1.92
1.91
1.86
1.84
1.74
1.74
1.74
1.72
1.77
1.77
1.72
1.72
1.62
1.6
1.66
1.57